59,20
59,19
80,5
80,4
80,3
80,2
80,1
80,0
79,5
79,4
79,3
79,2
79,1
79,0
0,539
78,4
78,3
78,2
78,1
78,0
77,3
77,2
77,1
77,0
76,4
76,3
76,2
76,1
76,0
0,278
75,4
75,3
75,2
75,1
75,0
74,3
74,2
0,9
74,1
74,0
0,538
0,506
0,386
59,18
59,17
59,16
59,15
0,472
0,273
0,270
3,2
3,1
3,3
10,176
10,146
10,28
10,106
10,270
10,132
10,68
10,1
10,264
10,2
10,3
11,22
11,10
11,14
11,12
11,1
11,20
11,2
11,3
9,7
9,4
9,1
9,6
9,2
9,3
8,10
8,9
8,6
8,5
8,13
8,14
8,1
8,8
8,2
8,3
12,2
12,1
12,3
20,2
20,1
20,3
19,2
19,1
19,3
72,6
72,5
72,4
72,3
72,2
72,1
72,0
69,4
69,3
69,2
69,1
69,0
66,3
66,2
66,1
66,0
64,5
64,4
64,3
64,2
64,1
64,0
63,4
63,3
63,2
63,1
63,0
62,3
62,2
